3648            
4               
11              
0               
0               
11              
17408           
0               
0               
0               
1025            
32              
2               
6               
0               
1               

// Volume Independent Parameters
1               
0               
0               
0               
0               
0               
0               
0               
0               
1               
20              
5               
200             
4000            
-85             
-75             
-50             
-23             
0               
-96             
-75             
-50             
-23             
-23             
1               
10              
32              
32              
32              
32              
32              
32              
32              
32              
32              
32              
32              
32              
32              
32              
32              
32              
32              
32              
32              
32              
32              
32              
32              
32              
32              
32              
32              
32              
32              
32              
32              
32              
32              
32              
32              
32              
32              
32              
32              
32              
32              
32              
32              
32              
32              
32              
32              
32              
32              
32              
32              
32              
32              
32              
32              
32              
32              
32              
32              
32              
32              
32              
32              
32              
32              
32              
32              
32              
32              
32              
32              
32              
32              
32              
32              
32              
32              
32              
32              
32              
32              
32              
32              
32              
32              
32              
32              
32              
32              
32              
32              
32              
32              
32              
32              
32              
32              
32              
32              
32              
32              
32              
32              
32              
32              
32              
32              
32              
32              
32              
32              
32              
32              
32              
32              
32              
32              
32              
32              
32              
32              
32              
32              
32              
32              
32              
32              
32              
32              
32              
32              
32              
32              
32              
32              
32              
32              
32              
32              
32              
32              
32              
32              
32              
32              
32              
32              
32              
32              
32              
32              
32              
32              
32              
32              
32              
32              
32              
32              
32              
32              
32              
32              
32              
32              
32              
32              
32              
32              
32              
32              
32              
32              
32              
32              
32              
32              
32              
32              
32              
32              
32              
32              
32              
32              
32              
32              
32              
32              
32              
32              
32              
32              
32              
32              
32              
32              
32              
32              
32              
32              
32              
32              
32              
32              
32              
32              
32              
32              
32              
32              
32              
32              
32              
32              
32              
32              
32              
32              
32              
32              
32              
32              
32              
32              
32              
32              
32              
32              
32              
32              
32              
32              
32              
32              
32              
32              
32              
32              
32              
32              
32              
32              
32              
32              
32              
32              
32              
32              
32              
32              
32              
32              
32              
32              
32              
32              
32              
32              
32              
32              
32              
32              
32              
32              
32              
32              
32              
32              
32              
32              
32              
32              
32              
32              
32              
32              
32              
32              
32              
32              
32              
32              
32              
32              
32              
32              
32              
32              
32              
32              
32              
32              
32              
32              
32              
32              
32              
32              
32              
32              
32              
32              
32              
32              
32              
32              
32              
32              
32              
32              
32              
32              
32              
32              
32              
32              
32              
32              
32              
32              
32              
32              
32              
32              
32              
32              
32              
32              
32              
32              
32              
32              
32              
32              
32              
32              
32              
32              
32              
32              
32              
32              
32              
32              
32              
32              
32              
32              
32              
32              
32              
32              
32              
32              
32              
32              
32              
32              
32              
32              
32              
32              
32              
32              
32              
32              
32              
32              
32              
32              
32              
32              
32              
32              
32              
32              
32              
32              
32              
32              
32              
32              
32              
32              
32              
32              
32              
32              
32              
32              
32              
32              
32              
32              
32              
32              
32              
32              
32              
32              
32              
32              
32              
32              
32              
32              
32              
32              
32              
32              
32              
32              
32              
32              
32              
32              
32              
32              
32              
32              
32              
32              
32              
32              
32              
32              
32              
32              
32              
32              
32              
32              
32              
32              
32              
32              
32              
32              
32              
32              
32              
32              
32              
32              
32              
32              
32              
32              
32              
32              
32              
32              
32              
32              
32              
32              
32              
32              
32              
32              
32              
32              
32              
32              
32              
32              
32              
32              
32              
32              
32              
32              
32              
32              
32              
32              
32              
32              
32              
32              
32              
32              
32              
32              
32              
32              
32              
32              
32              
32              
32              
32              
32              
32              
32              
32              
32              
32              
32              
32              
32              
32              
32              
32              
32              
32              
32              
32              
32              
32              
32              
32              
32              
32              
32              
32              
32              
32              
32              
32              
32              
32              
32              
32              
32              
32              
32              
32              
32              
32              
32              
32              
32              
32              
32              
32              
32              
32              
32              
32              
32              
32              
32              
32              
32              
32              
32              
32              
32              
32              
32              
32              
32              
32              
32              
32              
32              
32              
32              
32              
32              
32              
32              
32              
32              
32              
32              
32              
32              
32              
32              
32              
32              
32              
32              
32              
32              
32              
32              
32              
32              
32              
32              
32              
32              
32              
32              
32              
32              
32              
32              
32              
32              
32              
32              
32              
32              
32              
32              
32              
32              
32              
32              
32              
32              
32              
32              
32              
32              
32              
32              
32              
32              
32              
32              
32              
32              
32              
32              
32              
32              
32              
32              
32              
32              
32              
32              
32              
32              
32              
32              
32              
32              
32              
32              
32              
32              
32              
32              
32              
32              
32              
32              
32              
32              
32              
32              
32              
32              
32              
32              
32              
32              
32              
32              
32              
32              
32              
32              
32              
32              
32              
32              
32              
32              
32              
32              
32              
32              
32              
32              
32              
32              
32              
32              
32              
32              
32              
32              
32              
32              
32              
32              
32              
32              
32              
32              
32              
32              
32              
32              
32              
32              
32              
32              
32              
32              
32              
32              
32              
32              
32              
32              
32              
32              
32              
32              
32              
32              
32              
32              
32              
32              
32              
32              
32              
32              
32              
32              
32              
32              
32              
32              
32              
32              
32              
32              
32              
32              
32              
32              
32              
32              
32              
32              
32              
32              
32              
32              
32              
32              
32              
32              
32              
32              
32              
32              
32              
32              
32              
32              
32              
32              
32              
32              
32              
32              
32              
32              
32              
32              
32              
32              
32              
32              
32              
32              
32              
32              
32              
32              
32              
32              
32              
32              
32              
32              
32              
32              
32              
32              
32              
32              
32              
32              
32              
32              
32              
32              
32              
32              
32              
32              
32              
32              
32              
32              
32              
32              
32              
32              
32              
32              
32              
32              
32              
32              
32              
32              
32              
32              
32              
32              
32              
32              
32              
32              
32              
32              
32              
32              
32              
32              
32              
32              
32              
32              
32              
32              
32              
32              
32              
32              
32              
32              
32              
32              
32              
32              
32              
32              
32              
32              
32              
32              
32              
32              
32              
32              
32              
32              
32              
32              
32              
32              
32              
32              
32              
32              
32              
32              
32              
32              
32              
32              
32              
32              
32              
32              
32              
32              
32              
32              
32              
32              
32              
32              
32              
32              
32              
32              
32              
32              
32              
32              
32              
32              
32              
32              
32              
32              
32              
32              
32              
32              
32              
32              
32              
32              
32              
32              
32              
32              
32              
32              
32              
32              
32              
32              
32              
32              
32              
32              
32              
32              
32              
32              
32              
32              
32              
32              
32              
32              
32              
32              
32              
32              
32              
32              
32              
32              
32              
32              
32              
32              
32              
32              
32              
32              
32              
32              
32              
32              
32              
32              
32              
32              
32              
32              
32              
32              
32              
32              
32              
32              
32              
32              
32              
32              
32              
32              
32              
32              
32              
32              
32              
32              
32              
32              
32              
32              
32              
32              
32              
32              
32              
32              
32              
32              
32              
32              
32              
32              
32              
32              
32              
32              
32              
32              
32              
32              
32              
32              
32              
32              
32              
32              
32              
32              
32              
32              
32              
32              
32              
32              
32              
32              
32              
32              
32              
32              
32              
32              
32              
32              
32              
32              
32              
32              
32              
32              
32              
32              
32              
32              
32              
32              
32              
32              
32              
32              
32              
32              
32              
32              
32              
32              
32              
32              
32              
32              
32              
32              
32              
32              
32              
32              
32              
32              
32              
32              
32              
32              
32              
32              
32              
32              
32              
32              
32              
32              
32              
32              
32              
32              
32              
32              
32              
32              
32              
32              
32              
32              
32              
32              
32              
32              
32              
32              
32              
32              
32              
32              
32              
32              
32              
32              
32              
32              
32              
32              
32              
32              
32              
32              
32              
32              
32              
32              
32              
32              
32              
32              
32              
32              
32              
32              
32              
32              
32              
32              
32              
32              
32              
32              
32              
32              
32              
32              
32              
32              
32              
32              
32              
32              
32              
32              
32              
32              
32              
32              
32              
32              
32              
32              
32              
32              
32              
32              
32              
32              
32              
32              
32              
32              
32              
32              
32              
32              
32              
32              
32              
32              
32              
32              
32              
32              
32              
32              
32              
32              
32              
32              
32              
32              
32              
32              
32              
32              
32              
32              
32              
32              
32              
32              
32              
32              
32              
32              
32              
32              
32              
32              
32              
32              
32              
32              
32              
32              
32              
32              
32              
32              
32              
32              
32              
32              
32              
32              
32              
32              
32              
32              
32              
32              
32              
32              
32              
32              
32              
32              
32              
32              
32              
32              
32              
32              
32              
32              
32              
32              
32              
32              
32              
32              
32              
32              
32              
32              
32              
32              
32              
32              
32              
32              
32              
32              
32              
32              
32              
32              
32              
32              
32              
32              
32              
32              
32              
32              
32              
32              
32              
32              
32              
32              
32              
32              
32              
32              
32              
32              
32              
32              
32              
32              
32              
32              
32              
32              
32              
32              
32              
32              
32              
32              
32              
32              
32              
32              
32              
32              
32              
32              
32              
32              
32              
32              
32              
32              
32              
32              
32              
32              
32              
32              
32              
32              
32              
32              
32              
32              
32              
32              
32              
32              
32              
32              
32              
32              
32              
32              
32              
32              
32              
32              
32              
32              
32              
32              
32              
32              
32              
32              
32              
32              
32              
32              
32              
32              
32              
32              
32              
32              
32              
32              
32              
32              
32              
32              
32              
32              
32              
32              
32              
32              
32              
32              
32              
32              
32              
32              
32              
32              
32              
32              
32              
32              
32              
32              
32              
32              
32              
32              
32              
32              
32              
32              
32              
32              
32              
32              
32              
32              
32              
32              
32              
32              
32              
32              
32              
32              
32              
32              
32              
32              
32              
32              
32              
32              
32              
32              
32              
32              
32              
32              
32              
32              
32              
32              
32              
32              
32              
32              
32              
32              
32              
32              
32              
32              
32              
32              
32              
32              
32              
32              
32              
32              
32              
32              
32              
32              
32              
32              
32              
32              
32              
32              
32              
32              
32              
32              
32              
32              
32              
32              
32              
32              
32              
32              
32              
32              
32              
32              
32              
32              
32              
32              
32              
32              
32              
32              
32              
32              
32              
32              
32              
32              
32              
32              
32              
32              
32              
32              
32              
32              
32              
32              
32              
32              
32              
32              
32              
32              
32              
32              
32              
32              
32              
32              
32              
32              
32              
32              
32              
32              
32              
32              
32              
32              
32              
32              
32              
32              
32              
32              
32              
32              
32              
32              
32              
32              
32              
32              
32              
32              
32              
32              
32              
32              
32              
32              
32              
32              
32              
32              
32              
32              
32              
32              
32              
32              
32              
32              
32              
32              
32              
32              
32              
32              
32              
32              
32              
32              
32              
32              
32              
32              
32              
32              
32              
32              
32              
32              
32              
32              
32              
32              
32              
32              
32              
32              
32              
32              
32              
32              
32              
32              
32              
32              
32              
32              
32              
32              
32              
32              
32              
32              
32              
32              
32              
32              
32              
32              
32              
32              
32              
32              
32              
32              
32              
32              
32              
32              
32              
32              
32              
32              
32              
32              
32              
32              
32              
32              
32              
32              
32              
32              
32              
32              
32              
32              
32              
32              
32              
32              
32              
32              
32              
32              
32              
32              
32              
32              
32              
32              
32              
32              
32              
32              
32              
32              
32              
32              
32              
32              
32              
32              
32              
32              
32              
32              
32              
32              
32              
32              
32              
32              
32              
32              
32              
32              
32              
32              
32              
32              
32              
32              
32              
32              
32              
32              
32              
32              
32              
32              
32              
32              
32              
32              
32              
32              
32              
32              
32              
32              
32              
32              
32              
32              
32              
32              
32              
32              
32              
32              
32              
32              
32              
32              
32              
32              
32              
32              
32              
32              
32              
32              
32              
32              
32              
32              
32              
32              
32              
32              
32              
32              
32              
32              
32              
32              
32              
32              
32              
32              
32              
32              
32              
32              
32              
32              
32              
32              
32              
32              
32              
32              
32              
32              
32              
32              
32              
32              
32              
32              
32              
32              
32              
32              
32              
32              
32              
32              
32              
32              
32              
32              
32              
32              
32              
32              
32              
32              
32              
32              
32              
32              
32              
32              
32              
32              
32              
32              
32              
32              
32              
32              
32              
32              
32              
32              
32              
32              
32              
32              
32              
32              
32              
32              
32              
32              
32              
32              
32              
32              
32              
32              
32              
32              
32              
32              
32              
32              
32              
32              
32              
32              
32              
32              
32              
32              
32              
32              
32              
32              
32              
32              
32              
32              
32              
32              
32              
32              
32              
32              
32              
32              
32              
32              
32              
32              
32              
32              
32              
32              
32              
32              
32              
32              
32              
32              
32              
32              
32              
32              
32              
32              
32              
32              
32              
32              
32              
32              
32              
32              
32              
32              
32              
32              
32              
32              
32              
32              
32              
32              
32              
32              
32              
32              
32              
32              
32              
32              
32              
32              
32              
32              
32              
32              
32              
32              
32              
32              
32              
32              
32              
32              
32              
32              
32              
32              
32              
32              
32              
32              
32              
32              
32              
32              
32              
32              
32              
32              
32              
32              
32              
32              
32              
32              
32              
32              
32              
32              
32              
32              
32              
32              
32              
32              
32              
32              
32              
32              
32              
32              
32              
32              
32              
32              
32              
32              
32              
32              
32              
32              
32              
32              
32              
32              
32              
32              
32              
32              
32              
32              
32              
32              
32              
32              
32              
32              
32              
32              
32              
32              
32              
32              
32              
32              
32              
32              
32              
32              
32              
32              
32              
32              
32              
32              
32              
32              
32              
32              
32              
32              
32              
32              
32              
32              
32              
32              
32              
32              
32              
32              
32              
32              
32              
32              
32              
32              
32              
32              
32              
32              
32              
32              
32              
32              
32              
32              
32              
32              
32              
32              
32              
32              
32              
32              
32              
32              
32              
32              
32              
32              
32              
32              
32              
32              
32              
32              
32              
32              
32              
32              
32              
32              
32              
32              
32              
32              
32              
32              
32              
32              
32              
32              
32              
32              
32              
32              
32              
32              
32              
32              
32              
32              
32              
32              
32              
32              
32              
32              
32              
32              
32              
32              
32              
32              
32              
32              
32              
32              
32              
32              
32              
32              
32              
32              
32              
32              
32              
32              
32              
32              
32              
32              
32              
32              
32              
32              
32              
32              
32              
32              
32              
32              
32              
32              
32              
32              
32              
32              
32              
32              
32              
32              
32              
32              
32              
32              
32              
32              
32              
32              
32              
32              
32              
32              
32              
32              
32              
32              
32              
32              
32              
32              
32              
32              
32              
32              
32              
32              
32              
32              
32              
32              
32              
32              
32              
32              
32              
32              
32              
32              
32              
32              
32              
32              
32              
32              
32              
32              
32              
32              
32              
32              
32              
32              
32              
32              
32              
32              
32              
32              
32              
32              
32              
32              
32              
32              
32              
32              
32              
32              
32              
32              
32              
32              
32              
32              
32              
32              
32              
32              
32              
32              
32              
32              
32              
32              
32              
32              
32              
32              
32              
32              
32              
32              
32              
32              
32              
32              
32              
32              
32              
32              
32              
32              
32              
32              
32              
32              
32              
32              
32              
32              
32              
32              
32              
32              
32              
32              
32              
32              
32              
32              
32              
32              
32              
32              
32              
32              
32              
32              
32              
32              
32              
32              
32              
32              
32              
32              
32              
32              
32              
32              
32              
32              
32              
32              
32              
32              
32              
32              
32              
32              
32              
32              
32              
32              
32              
32              
32              
32              
32              
32              
32              
32              
32              
32              
32              
32              
32              
32              
32              
32              
32              
32              
32              
32              
32              
32              
32              
32              
32              
32              
32              
32              
32              
32              
32              
32              
32              
32              
32              
32              
32              
32              
32              
32              
32              
32              
32              
32              
32              
32              
32              
32              
32              
32              
32              
32              
32              
32              
32              
32              
32              
32              
32              
32              
32              
32              
32              
32              
32              
32              
32              
32              
32              
32              
32              
32              
32              
32              
32              
32              
32              
32              
32              
32              
32              
32              
32              
32              
32              
32              
32              
32              
0               
70              
70              
-6              
-6              
-48             
-48             
0               
32767           
33              
40              
100             
1               
0               
0               
32767           
-12             
12              
-66             
-64             
-69             
-72             
-73             
-76             
-84             
-85             
-87             
-88             
-89             
-90             
-90             
-90             
-92             
-93             
-93             
-94             
-94             
-94             
-94             
-94             
-94             
-95             
-95             
-95             
-96             
-96             
-96             
-96             
-96             
-96             
-96             
-96             
-97             
-97             
-97             
-98             
-97             
-97             
-98             
-98             
-98             
-99             
-98             
-99             
-99             
-99             
-99             
-99             
-99             
-99             
-99             
-99             
-99             
-100            
-100            
-100            
-100            
-99             
-99             
-100            
-100            
-100            
-99             
-100            
-100            
-99             
-100            
-100            
-100            
-100            
-100            
-100            
-100            
-100            
-101            
-101            
-101            
-101            
-100            
-101            
-101            
-101            
-101            
-100            
-100            
-101            
-101            
-100            
-101            
-101            
-101            
-101            
-101            
-101            
-101            
-102            
-101            
-102            
-102            
-102            
-102            
-102            
-102            
-102            
-102            
-101            
-101            
-102            
-102            
-102            
-102            
-102            
-102            
-102            
-102            
-102            
-102            
-102            
-102            
-102            
-103            
-103            
-102            
-102            
-102            
-102            
-102            
-102            
-102            
-102            
-102            
-103            
-102            
-103            
-102            
-103            
-102            
-102            
-103            
-103            
-103            
-103            
-103            
-103            
-103            
-102            
-103            
-103            
-102            
-103            
-103            
-103            
-103            
-103            
-103            
-103            
-103            
-103            
-103            
-103            
-103            
-103            
-103            
-103            
-103            
-103            
-103            
-103            
-102            
-101            
-103            
-103            
-103            
-103            
-103            
-103            
-103            
-103            
-104            
-103            
-103            
-103            
-103            
-103            
-104            
-104            
-104            
-104            
-103            
-103            
-103            
-103            
-103            
-103            
-104            
-104            
-104            
-103            
-103            
-104            
-104            
-104            
-104            
-104            
-104            
-104            
-104            
-104            
-104            
-104            
-104            
-104            
-104            
-105            
-104            
-103            
-104            
-104            
-104            
-103            
-104            
-104            
-104            
-104            
-104            
-104            
-104            
-104            
-104            
-104            
-104            
-104            
-104            
-104            
-104            
-103            
-104            
-103            
-104            
-103            
-103            
-104            
-104            
-103            
-103            
-104            
-104            
-104            
-104            
-104            
-104            
-104            
-104            
-104            
-102            
-103            
-104            
-104            
-105            
-105            
-105            
-105            
-104            
-104            
-104            
-104            
-104            
-104            
-105            
-104            
-105            
-104            
-104            
-104            
-104            
-104            
-104            
-104            
-105            
-104            
-104            
-104            
-104            
-104            
-104            
-104            
-104            
-105            
-105            
-105            
-104            
-105            
-104            
-103            
-104            
-104            
-105            
-105            
-105            
-105            
-104            
-104            
-104            
-105            
-104            
-105            
-105            
-104            
-104            
-104            
-105            
-105            
-105            
-104            
-105            
-105            
-105            
-105            
-104            
-104            
-105            
-105            
-105            
-105            
-105            
-104            
-105            
-105            
-105            
-105            
-105            
-105            
-105            
-104            
-104            
-105            
-105            
-105            
-105            
-102            
-104            
-105            
-105            
-105            
-105            
-105            
-104            
-105            
-105            
-105            
-105            
-105            
-105            
-105            
-105            
-105            
-105            
-105            
-105            
-105            
-105            
-104            
-105            
-105            
-105            
-106            
-105            
-104            
-104            
-105            
-105            
-104            
-105            
-105            
-104            
-105            
-105            
-105            
-105            
-105            
-105            
-105            
-104            
-105            
-105            
-105            
-105            
-105            
-105            
-105            
-105            
-104            
-104            
-104            
-104            
-105            
-104            
-105            
-105            
-104            
-104            
-104            
-104            
-103            
-103            
-104            
-104            
-104            
-103            
-103            
-103            
-103            
-103            
-103            
-102            
-102            
-103            
-103            
-102            
-102            
-102            
-102            
-102            
-102            
-101            
-100            
-101            
-101            
-101            
-101            
-100            
-101            
-100            
-100            
-100            
-100            
-99             
-99             
-99             
-98             
-99             
-99             
-99             
-98             
-98             
-98             
-98             
-98             
-98             
-98             
-97             
-97             
-98             
-98             
-97             
-97             
-96             
-97             
-97             
-97             
-97             
-96             
-96             
-97             
-97             
-97             
-96             
-97             
-96             
-96             
-96             
-96             
-96             
-96             
-96             
-96             
-96             
-96             
-96             
-97             
-97             
-97             
-97             
-97             
-97             
-97             
-97             
-97             
-97             
-97             
-97             
-98             
-98             
-98             
-99             
-98             
-98             
-98             
-99             
-99             
-99             
-100            
-99             
-99             
-100            
-100            
-101            
-101            
-102            
-103            
-103            
-66             
-64             
-69             
-72             
-73             
-76             
-84             
-85             
-87             
-88             
-89             
-90             
-90             
-90             
-92             
-93             
-93             
-94             
-94             
-94             
-94             
-94             
-94             
-95             
-95             
-95             
-96             
-96             
-96             
-96             
-96             
-96             
-96             
-96             
-97             
-97             
-97             
-98             
-97             
-97             
-98             
-98             
-98             
-99             
-98             
-99             
-99             
-99             
-99             
-99             
-99             
-99             
-99             
-99             
-99             
-100            
-100            
-100            
-100            
-99             
-99             
-100            
-100            
-100            
-99             
-100            
-100            
-99             
-100            
-100            
-100            
-100            
-100            
-100            
-100            
-100            
-101            
-101            
-101            
-101            
-100            
-101            
-101            
-101            
-101            
-100            
-100            
-101            
-101            
-100            
-101            
-101            
-101            
-101            
-101            
-101            
-101            
-102            
-101            
-102            
-102            
-102            
-102            
-102            
-102            
-102            
-102            
-101            
-101            
-102            
-102            
-102            
-102            
-102            
-102            
-102            
-102            
-102            
-102            
-102            
-102            
-102            
-103            
-103            
-102            
-102            
-102            
-102            
-102            
-102            
-102            
-102            
-102            
-103            
-102            
-103            
-102            
-103            
-102            
-102            
-103            
-103            
-103            
-103            
-103            
-103            
-103            
-102            
-103            
-103            
-102            
-103            
-103            
-103            
-103            
-103            
-103            
-103            
-103            
-103            
-103            
-103            
-103            
-103            
-103            
-103            
-103            
-103            
-103            
-103            
-102            
-101            
-103            
-103            
-103            
-103            
-103            
-103            
-103            
-103            
-104            
-103            
-103            
-103            
-103            
-103            
-104            
-104            
-104            
-104            
-103            
-103            
-103            
-103            
-103            
-103            
-104            
-104            
-104            
-103            
-103            
-104            
-104            
-104            
-104            
-104            
-104            
-104            
-104            
-104            
-104            
-104            
-104            
-104            
-104            
-105            
-104            
-103            
-104            
-104            
-104            
-103            
-104            
-104            
-104            
-104            
-104            
-104            
-104            
-104            
-104            
-104            
-104            
-104            
-104            
-104            
-104            
-103            
-104            
-103            
-104            
-103            
-103            
-104            
-104            
-103            
-103            
-104            
-104            
-104            
-104            
-104            
-104            
-104            
-104            
-104            
-102            
-103            
-104            
-104            
-105            
-105            
-105            
-105            
-104            
-104            
-104            
-104            
-104            
-104            
-105            
-104            
-105            
-104            
-104            
-104            
-104            
-104            
-104            
-104            
-105            
-104            
-104            
-104            
-104            
-104            
-104            
-104            
-104            
-105            
-105            
-105            
-104            
-105            
-104            
-103            
-104            
-104            
-105            
-105            
-105            
-105            
-104            
-104            
-104            
-105            
-104            
-105            
-105            
-104            
-104            
-104            
-105            
-105            
-105            
-104            
-105            
-105            
-105            
-105            
-104            
-104            
-105            
-105            
-105            
-105            
-105            
-104            
-105            
-105            
-105            
-105            
-105            
-105            
-105            
-104            
-104            
-105            
-105            
-105            
-105            
-102            
-104            
-105            
-105            
-105            
-105            
-105            
-104            
-105            
-105            
-105            
-105            
-105            
-105            
-105            
-105            
-105            
-105            
-105            
-105            
-105            
-105            
-104            
-105            
-105            
-105            
-106            
-105            
-104            
-104            
-105            
-105            
-104            
-105            
-105            
-104            
-105            
-105            
-105            
-105            
-105            
-105            
-105            
-104            
-105            
-105            
-105            
-105            
-105            
-105            
-105            
-105            
-104            
-104            
-104            
-104            
-105            
-104            
-105            
-105            
-104            
-104            
-104            
-104            
-103            
-103            
-104            
-104            
-104            
-103            
-103            
-103            
-103            
-103            
-103            
-102            
-102            
-103            
-103            
-102            
-102            
-102            
-102            
-102            
-102            
-101            
-100            
-101            
-101            
-101            
-101            
-100            
-101            
-100            
-100            
-100            
-100            
-99             
-99             
-99             
-98             
-99             
-99             
-99             
-98             
-98             
-98             
-98             
-98             
-98             
-98             
-97             
-97             
-98             
-98             
-97             
-97             
-96             
-97             
-97             
-97             
-97             
-96             
-96             
-97             
-97             
-97             
-96             
-97             
-96             
-96             
-96             
-96             
-96             
-96             
-96             
-96             
-96             
-96             
-96             
-97             
-97             
-97             
-97             
-97             
-97             
-97             
-97             
-97             
-97             
-97             
-97             
-98             
-98             
-98             
-99             
-98             
-98             
-98             
-99             
-99             
-99             
-100            
-99             
-99             
-100            
-100            
-101            
-101            
-102            
-103            
-103            
0               
1638            
655             
9830            
300             
300             
0               
-15             
0               
-4              
0               
-15             
0               
6               
-20             
-3              
2344            
4687            
0               
0               
0               
32767           
0               
-20             
1               
0               
17000           
1               
50              
5               
0               
14000           
100             
0               
6000            
100             
1536            
3600            
100             
0               
8200            
100             
1536            
1000            
100             
-5120           
14351           
350             
-8653           
9306            
400             
-7782           
13105           
800             
973             
13857           
1000            
0               
15005           
100             
2               
0               
200             
100             
-16             
2000            
100             
-16             
0               
1               
0               
20              
4               
0               
20              
0               
0               
10              
2000            
-96             
-85             
-20             
0               
0               
-96             
-85             
-20             
0               
0               
0               
0               
0               
700             
2               
0               
20              
0               
0               
2000            
2000            
-96             
0               
0               
0               
0               
-96             
0               
0               
0               
0               
0               
0               
0               
20              
2               
1               
20              
0               
0               
10000           
10000           
-96             
0               
0               
0               
0               
-96             
0               
0               
0               
0               
1               
0               
0               
20              
2               
1               
20              
0               
0               
10000           
10000           
-96             
0               
0               
0               
0               
-96             
0               
0               
0               
0               
1               
0               
0               
20              
2               
1               
20              
0               
0               
10000           
10000           
-96             
0               
0               
0               
0               
-96             
0               
0               
0               
0               
1               
0               
1               
20              
4               
0               
20              
0               
0               
300             
10000           
-96             
-70             
-20             
0               
0               
-96             
-70             
-20             
-20             
0               
0               
0               
1               
-1              
10              
0               
27233           
30              
0               
0               
0               
0               
0               
0               
0               
0               
165             
0               
0               
0               
0               
0               
0               
0               
0               
1               
2               
1               
-20             
-20             
-40             
-20             
-76             
-31             
0               
15              
96              
86              
6826            
6826            
6826            
6826            
6826            
6826            
6826            
6826            
6826            
6826            

// Volume 0
